2 2 53 324 2 0 0 0 0 0 0 0 0 0 0
6 8 320 1054 4 0 0 0 0 0 0 0 0 0 0
6 8 55 625 4 0 0 0 0 0 0 0 0 0 0
3 2 451 881 2 0 0 0 0 0 0 0 0 0 0
3 2 318 1282 2 0 0 0 0 0 0 0 0 0 0
2 2 106 693 2 0 0 0 0 0 0 0 0 0 0
1 2 1066 1592 2 0 0 0 0 0 0 0 0 0 0
5 6 2 989 5 0 0 0 0 0 0 0 0 0 0
1 2 1169 1883 2 0 0 0 0 0 0 0 0 0 0
2 2 1360 1779 2 0 0 0 0 0 0 0 0 0 0
6 8 787 1084 4 0 0 0 0 0 0 0 0 0 0
2 2 1456 1571 2 0 0 0 0 0 0 0 0 0 0
3 2 1769 2661 2 0 0 0 0 0 0 0 0 0 0
6 8 868 1261 4 0 0 0 0 0 0 0 0 0 0
5 6 786 1206 5 0 0 0 0 0 0 0 0 0 0
5 6 2285 2722 5 0 0 0 0 0 0 0 0 0 0
1 2 1133 1670 2 0 0 0 0 0 0 0 0 0 0
1 2 2263 2657 2 0 0 0 0 0 0 0 0 0 0
1 2 1771 2500 2 0 0 0 0 0 0 0 0 0 0
4 4 2398 3200 2 0 0 0 0 0 0 0 0 0 0
8 15 1142 1518 7 0 0 0 0 0 0 0 0 0 0
7 1500 712 2621 9 0 0 0 0 0 0 0 0 0 0
5 6 1340 1998 5 0 0 0 0 0 0 0 0 0 0
8 15 1977 2506 7 0 0 0 0 0 0 0 0 0 0
1 2 3645 4597 2 0 0 0 0 0 0 0 0 0 0
2 2 2148 2500 2 0 0 0 0 0 0 0 0 0 0
8 15 2713 3472 7 0 0 0 0 0 0 0 0 0 0
1 2 2091 3039 2 0 0 0 0 0 0 0 0 0 0
1 2 2699 2822 2 0 0 0 0 0 0 0 0 0 0
7 1500 458 2391 9 0 0 0 0 0 0 0 0 0 0
8 15 5520 6057 7 0 0 0 0 0 0 0 0 0 0
5 6 2042 2603 5 0 0 0 0 0 0 0 0 0 0
2 2 4285 5064 2 0 0 0 0 0 0 0 0 0 0
6 8 5775 6202 4 0 0 0 0 0 0 0 0 0 0
7 1500 79 1706 9 0 0 0 0 0 0 0 0 0 0
1 2 814 1536 2 0 0 0 0 0 0 0 0 0 0
5 6 1598 1899 5 0 0 0 0 0 0 0 0 0 0
4 4 5315 6034 2 0 0 0 0 0 0 0 0 0 0
4 4 4925 5567 2 0 0 0 0 0 0 0 0 0 0
4 4 521 1443 2 0 0 0 0 0 0 0 0 0 0
4 4 1630 2057 2 0 0 0 0 0 0 0 0 0 0
7 1500 6944 8997 9 0 0 0 0 0 0 0 0 0 0
3 2 6653 7130 2 0 0 0 0 0 0 0 0 0 0
4 4 1302 2132 2 0 0 0 0 0 0 0 0 0 0
5 6 7288 7673 5 0 0 0 0 0 0 0 0 0 0
7 1500 4820 6804 9 0 0 0 0 0 0 0 0 0 0
5 6 4577 4814 5 0 0 0 0 0 0 0 0 0 0
5 6 926 1821 5 0 0 0 0 0 0 0 0 0 0
6 8 2852 3120 4 0 0 0 0 0 0 0 0 0 0
8 15 7302 7760 7 0 0 0 0 0 0 0 0 0 0
